0.664616455000,0.664528361000,0.628188032000,0.633383110000,Residual    12019999.9904      MLUPs    2599.99581262    
0.661641382000,0.661588084000,0.628061311000,0.633454407000,Residual    2000000.00000      MLUPs    2611.68670372    
0.661145094000,0.661082697000,0.627909571000,0.633459519000,Residual    425925.925794      MLUPs    2613.64716411    
0.661269199000,0.661198851000,0.628088425000,0.633423079000,Residual    126543.209842      MLUPs    2613.15664273    
0.661071986000,0.661010837000,0.628142361000,0.633412366000,Residual    51826.1316863      MLUPs    2613.93620755    
0.661032048000,0.660966873000,0.628091782000,0.633416821000,Residual    26702.1350984      MLUPs    2614.09413542    
0.660981215000,0.660953485000,0.628030100000,0.633411106000,Residual    15893.9988844      MLUPs    2614.29517328    
0.660992152000,0.660946251000,0.628058457000,0.633386931000,Residual    10378.2429902      MLUPs    2614.25191626    
0.661116610000,0.661044987000,0.628009837000,0.633435603000,Residual    7222.26330347      MLUPs    2613.75977227    
0.661300446000,0.661234005000,0.628070613000,0.633505628000,Residual    5266.18987021      MLUPs    2613.03316889    
